Samples
0 3 0 0 0 0 0 0 0 
0 0 0 0 2 0 0 0 0 
0 0 0 0 7 0 0 0 0 
0 0 0 0 0 1 0 0 0 
0 0 6 0 0 0 0 0 0 
0 0 0 0 0 0 0 0 0 
0 0 0 0 0 0 0 5 0 
0 0 0 0 3 0 0 0 0 
0 0 9 0 0 0 4 0 0

Super Easy: 
6 0 0 5 0 7 0 9 4
0 0 4 0 6 0 7 5 1
1 5 7 2 9 0 0 0 0
0 0 9 0 2 0 8 7 3
8 7 0 3 5 0 4 0 0
0 4 6 0 8 1 0 2 0
4 3 8 0 0 2 9 0 0
0 9 0 6 0 8 1 0 7
7 0 0 9 0 5 0 8 2
Solved

Easy: 
5 0 0 9 0 4 0 0 1
0 6 1 0 0 0 4 8 0
0 7 0 0 5 0 0 2 0
8 0 0 0 7 0 0 0 6
0 0 4 2 0 8 7 0 0
2 0 0 0 9 0 0 0 8
0 8 0 0 6 0 0 1 0
0 5 6 0 0 0 9 3 0
7 0 0 1 0 5 0 0 2
Solved

0 0 0 3 0 1 2 7 0
0 0 3 0 9 2 0 0 5
7 0 0 0 5 0 9 0 0
0 7 5 0 1 0 8 0 0
1 0 6 2 0 7 3 0 9
0 0 9 0 3 0 7 4 0
0 0 2 0 7 0 0 0 8
8 0 0 9 6 0 5 0 0
0 3 4 1 0 8 0 0 0
Solved

Medium: 
0 9 0 4 0 5 0 0 1
0 0 3 0 0 2 0 0 0
0 7 0 0 0 8 2 9 6
8 0 7 0 0 0 0 1 0
0 0 9 0 0 0 6 0 0
0 6 0 0 0 0 5 0 9
1 8 5 3 0 0 0 6 0
0 0 0 6 0 0 3 0 0
9 0 0 5 0 4 0 2 0
Solved

Hard: 
0 3 2 0 0 0 5 0 0
0 7 6 0 0 0 9 0 0
1 0 0 8 0 5 0 0 0
0 0 0 0 0 8 0 2 0
0 0 0 0 1 0 0 0 0
0 6 0 0 3 2 0 0 0
0 0 0 5 0 9 0 0 1
0 0 0 0 0 0 6 3 9
2 0 0 0 0 6 0 0 5
Solved

0 0 0 0 0 0 0 2 0
4 0 0 0 0 9 7 0 0
0 2 5 4 0 0 1 0 9
0 7 3 5 0 0 4 0 2
0 1 9 0 0 0 0 0 0
0 0 0 0 0 0 0 0 0
0 5 8 9 0 3 2 0 0
9 0 4 0 0 0 0 0 3
0 0 0 0 4 7 9 0 0
Solved

8 0 0 0 2 0 4 3 0
0 6 3 0 0 0 5 0 0
5 0 0 0 0 0 0 0 0
0 0 0 0 0 5 6 0 8
6 0 0 4 0 2 0 0 1
9 0 2 7 0 0 0 0 0
0 0 0 0 0 0 0 0 3
0 0 6 0 0 0 8 4 0
0 1 7 0 6 0 0 0 5
Solved

Expert: 
3 0 0 0 7 0 0 0 0
7 0 4 0 0 6 0 0 0
0 0 0 0 0 2 0 0 0
0 0 2 7 0 5 0 0 4
0 0 0 0 1 8 6 0 0
0 0 0 0 0 0 0 0 0
5 0 0 0 0 3 0 0 2
0 0 7 0 6 4 3 8 0
0 6 0 8 0 0 0 5 0
Solved

Extreme:
3 0 6 0 0 0 7 0 8 
0 7 0 0 9 0 0 5 0 
0 0 0 7 0 0 0 0 0 
0 0 8 0 0 0 0 0 2 
0 1 0 0 4 0 0 7 0 
5 0 0 0 0 0 1 0 0 
0 0 0 0 0 4 0 0 0 
0 4 0 0 2 0 0 1 0 
8 0 7 0 0 0 6 0 3 
NS to: 
3 0 6 4 0 0 7 0 8 
0 7 0 0 9 0 3 5 0 
0 8 0 7 3 0 0 6 0 
7 0 8 0 6 0 4 0 2 
0 1 0 9 4 0 0 7 0 
5 0 4 2 0 0 1 0 0 
0 0 0 0 0 4 0 0 0 
0 4 0 0 2 0 0 1 0 
8 2 7 0 0 9 6 4 3 